4009120020
4009220020
4009320020
4009420020
40111050
4011201015
4011201025
4011201035
40121940
40121980
40122060
40131000
4016996010
7007211110
70072151
70091000
73201030
73201060
73201090
73202010
83012000
83021030
83023030
83023060
84073414
84073418
84073425
84073444
84073448
84073455
84082020
8409911040
8409991040
84133010
84133090
84139110
8413919010
8414308030
84145930
8414596540
84148005
84152000
84212300
84213200
84254900
84269100
8431100090
84821010
8482105044
8482105048
8482200020
8482200030
8482200040
8482200061
8482200070
8482200081
84824000
84825000
84831010
85013220
8501325540
85013261
8501332080
85013330
85013340
85013361
85013430
85013461
85014020
85014040
85014050
85014060
85015120
85015140
85015150
85015160
85015240
8501528040
85071000
85079040
85111000
85112000
85113000
85114000
85115000
85118020
85118060
85119060
85122020
85122040
85123000
85124020
85124040
85129020
85129060
85129070
85198120
8525601010
85272115
85272125
85272140
85272940
85272980
8536410005
8539100010
8539100050
85443000
87060003
87060005
87060015
87060025
8707905020
8707905060
8707905080
8707905090
87081030
87081060
87082100
87082200
87082915
87082925
87082951
8708301010
87083050
87084011
87084030
87084050
87084060
87084065
87084070
87084075
87085031
87085061
87085065
87085075
87085081
87085085
87085089
87085091
87085093
87085095
87085099
87087005
87087025
87087035
87087045
87087060
87088013
87088016
87088055
87088060
87088065
87089150
87089165
87089170
87089175
87089265
87089360
87089375
87089410
87089450
87089465
87089470
87089475
87089505
87089515
87089520
87089903
87089906
87089923
87089927
87089931
87089941
8708994850
87089953
87089955
87089958
87089968
87099000
90291080
9029204080
94012000
