4009120020
4009220020
4009320020
4009420020
40111010
40111050
40112010
40121940
40121980
40122060
4013100010
4013100020
4016996010
70072151
70091000
732010
73202010
83012000
83021030
830230
84073100
840732
840733
840734
84082020
8409911040
8409991040
84133010
84133090
84139110
8413919010
8414308030
84145930
8414596540
84148005
84152000
84212300
84213200
84254900
84269100
8431100090
8471
84821010
8482105044
8482105048
8482200020
8482200030
8482200040
8482200061
8482200070
8482200081
84824000
84825000
8483101030
84831030
850132
850133
850134
850140
850151
850152
850710
850760
85079040
85079080
8511100000
85112000
8511300040
8511300080
85114000
85115000
85118020
85118060
8511906020
8511906040
85122020
85122040
85123000
85124020
85124040
85129020
85129060
85129070
85198120
8525601010
852721
852729
8536410005
853710
853720
8539100010
8539100050
85443000
87060003
87060005
87060015
87060025
8707
8707100020
8707100040
8707905020
8707905040
8707905060
8707905080
87081030
87081060
87082100
870822
870829
870830
87084011
87084070
87084075
870850
870870
870880
870891
87089360
87089375
870894
870895
87089953
87089955
87089958
87089968
87169050
901510
902910
9029204080
94012000
